  0.00000000  0.80337102
  0.00500000 49.69003887
  0.01000000  1.16458962
  0.01500000 45.50172054
  0.02000000 27.12655105
  0.02500000 19.81973605
  0.03000000 33.28136877
  0.03500000 35.48038445
  0.04000000 39.30089356
  0.04500000 10.99519283
  0.05000000 18.28744781
  0.05500000  7.08270103
  0.06000000 34.59572989
  0.06500000  4.83918549
  0.07000000 28.94015916
  0.07500000 47.06688990
  0.08000000 27.31046842
  0.08500000 35.39910091
  0.09000000  4.52922437
  0.09500000 30.10474878
  0.10000000 42.56861043
  0.10500000  4.43701947
  0.11000000  5.21883697
  0.11500000 37.81059313
  0.12000000 15.58513323
  0.12500000 31.86950400
  0.13000000 15.43221231
  0.13500000 23.50628477
  0.14000000 44.89329416
  0.14500000  0.18086312
  0.15000000 36.70868949
  0.15500000 44.37237147
  0.16000000 20.57317467
  0.16500000 22.20376258
  0.17000000 35.57996403
  0.17500000 41.23791386
  0.18000000 24.47712024
  0.18500000 13.14178511
  0.19000000 26.64078205
  0.19500000 40.79880100
  0.20000000 29.04850699
  0.20500000 40.06225347
  0.21000000 45.01128911
  0.21500000 42.07299436
  0.22000000 14.30508577
  0.22500000 23.94180115
  0.23000000 40.24311660
  0.23500000 31.71997860
  0.24000000 36.44536582
  0.24500000 34.87826045
  0.25000000 46.14556373
  0.25500000 25.82308063
  0.26000000 22.95789246
  0.26500000 10.92248607
  0.27000000 48.02004555
  0.27500000 22.78634579
  0.28000000 16.62188163
  0.28500000  2.00639945
  0.29000000  0.98473954
  0.29500000 43.03133466
  0.30000000 14.85934015
  0.30500000 30.92696740
  0.31000000 25.94820060
  0.31500000 41.22785614
  0.32000000 24.75131326
  0.32500000  1.30470597
  0.33000000 15.80522784
  0.33500000 22.09376433
  0.34000000 17.05093677
  0.34500000 47.70920571
  0.35000000 12.22719204
  0.35500000 13.82527340
  0.36000000 44.88011012
  0.36500000 33.67281839
  0.37000000 49.71560516
  0.37500000 13.21193158
  0.38000000  6.85660806
  0.38500000  9.73945027
  0.39000000 14.59978579
  0.39500000 25.66380576
  0.40000000  4.43978772
  0.40500000 31.60792131
  0.41000000 11.04415624
  0.41500000 30.40501363
  0.42000000 47.75757009
  0.42500000 21.49072448
  0.43000000 29.31712703
  0.43500000 23.27134828
  0.44000000 44.23028703
  0.44500000 42.63768021
  0.45000000  5.16354287
  0.45500000 29.03273219
  0.46000000 36.48327986
  0.46500000  1.08689508
  0.47000000  2.37713048
  0.47500000 19.76332866
  0.48000000  4.69653795
  0.48500000 40.92306758
  0.49000000 32.69481640
  0.49500000 13.42128672
  0.50000000  0.16834229
  0.50500000  2.45410804
  0.51000000 12.41379206
  0.51500000 12.01194342
  0.52000000 36.69263500
  0.52500000 44.39862932
  0.53000000 45.09178825
  0.53500000 17.57733494
  0.54000000 41.04467561
  0.54500000 23.17591486
  0.55000000 45.48552440
  0.55500000 47.46891874
  0.56000000 37.34066360
  0.56500000 45.74121356
  0.57000000 14.09898244
  0.57500000 28.18034080
  0.58000000 10.89020546
  0.58500000 37.50900589
  0.59000000 48.19532160
  0.59500000 26.51277450
  0.60000000 40.19228422
  0.60500000 47.58284045
  0.61000000 31.90763521
  0.61500000 43.28710986
  0.62000000 44.09010943
  0.62500000 31.23695983
  0.63000000 20.75875531
  0.63500000 27.39315961
  0.64000000 40.75602859
  0.64500000 31.43077303
  0.65000000 26.97817339
  0.65500000 34.85773775
  0.66000000  5.57350041
  0.66500000  1.64623405
  0.67000000 18.93977892
  0.67500000 25.17349499
  0.68000000 11.37051224
  0.68500000 45.76578463
  0.69000000 49.22907450
  0.69500000  0.84741413
  0.70000000 18.46060485
  0.70500000  5.46062168
  0.71000000 27.00274446
  0.71500000 19.98782981
  0.72000000 28.24057374
  0.72500000  9.21663344
  0.73000000 36.89139471
  0.73500000  3.98091786
  0.74000000  4.84556756
  0.74500000 33.81407415
  0.75000000 10.86286749
  0.75500000  5.83117363
  0.76000000 29.15441285
  0.76500000 16.21607981
  0.77000000 29.57985878
  0.77500000 10.09194199
  0.78000000  6.67858776
  0.78500000 47.61501770
  0.79000000 21.67670148
  0.79500000  6.58260325
  0.80000000 30.07977181
  0.80500000 34.91916150
  0.81000000  6.83165115
  0.81500000  8.56809619
  0.82000000 10.56352110
  0.82500000 34.92533937
  0.83000000 18.73323565
  0.83500000 17.69451864
  0.84000000 14.39926982
  0.84500000 39.71793395
  0.85000000  1.14141917
  0.85500000 48.31309443
  0.86000000 27.78646063
  0.86500000 21.07785757
  0.87000000 37.33295165
  0.87500000 22.81812065
  0.88000000  4.89569768
  0.88500000  7.86623243
  0.89000000  5.99701907
  0.89500000 44.16460280
  0.90000000 31.38621684
  0.90500000 15.45921878
  0.91000000 42.79157180
  0.91500000 24.73025472
  0.92000000 11.85912144
  0.92500000 45.78548666
  0.93000000  5.17715273
  0.93500000 43.93299097
  0.94000000 23.04334915
  0.94500000 39.64558206
  0.95000000 16.86334423
  0.95500000 42.51010438
  0.96000000 16.75111163
  0.96500000 27.93904683
  0.97000000 47.51181450
  0.97500000 22.86036330
  0.98000000 36.67470718
  0.98500000 48.13732847
  0.99000000 43.39826561
  0.99500000 40.30338630
  1.00000000 47.59061802
  1.00500000 48.53382862
  1.01000000 43.92281513
  1.01500000 48.57541834
  1.02000000 34.23637727
  1.02500000 20.63396717
  1.03000000 38.17941068
  1.03500000 10.78615936
  1.04000000 41.08552272
  1.04500000  0.98748889
  1.05000000 48.57301400
  1.05500000 35.69122518
  1.06000000 33.64652266
  1.06500000 27.76022991
  1.07000000 49.12481736
  1.07500000 41.97127961
  1.08000000 25.99461148
  1.08500000 31.23714068
  1.09000000 26.29405852
  1.09500000 43.04763249
  1.10000000 40.54669795
  1.10500000 10.23098874
  1.11000000  1.87110785
  1.11500000 14.47346921
  1.12000000  3.83379186
  1.12500000 31.63222067
  1.13000000 11.21847764
  1.13500000  0.44412185
  1.14000000  0.16469439
  1.14500000 37.48031452
  1.15000000  9.39245057
  1.15500000 10.34329500
  1.16000000 42.41540146
  1.16500000 26.15930586
  1.17000000 18.71745520
  1.17500000 35.68650910
  1.18000000  3.39092750
  1.18500000 32.96209941
  1.19000000 36.39029461
  1.19500000 20.58856305
  1.20000000  0.15997831
  1.20500000  7.22471935
  1.21000000 14.59432008
  1.21500000 47.60877225
  1.22000000 21.03268490
  1.22500000  0.32467269
  1.23000000 44.70503387
  1.23500000 23.98677065
  1.24000000  7.95206725
  1.24500000 13.44808637
  1.25000000 26.48397856
  1.25500000 13.42248907
  1.26000000  9.67327975
  1.26500000 11.34299475
  1.27000000 46.41018577
  1.27500000 12.87427317
