  0.00000000 45.39614784
  0.00500000  9.53460339
  0.01000000  3.35826478
  0.01500000 40.00422541
  0.02000000 39.86573045
  0.02500000 31.84149965
  0.03000000 29.43913751
  0.03500000  7.95328041
  0.04000000 16.03238492
  0.04500000 22.40880499
  0.05000000 32.89750824
  0.05500000 30.37729508
  0.06000000 38.11318483
  0.06500000 21.87398672
  0.07000000 23.19345280
  0.07500000 35.02078586
  0.08000000 31.40082153
  0.08500000 33.50933266
  0.09000000 31.40859012
  0.09500000 26.55171757
  0.10000000 25.02501128
  0.10500000 21.26655198
  0.11000000 15.35083231
  0.11500000 10.84772763
  0.12000000 34.50499799
  0.12500000 41.05739620
  0.13000000 43.67535697
  0.13500000 48.24834054
  0.14000000 41.22502271
  0.14500000 22.61818282
  0.15000000 12.93138292
  0.15500000 16.86880977
  0.16000000 33.26912641
  0.16500000 22.62584424
  0.17000000  6.12751548
  0.17500000 44.33997304
  0.18000000 43.42052734
  0.18500000  8.29413768
  0.19000000 43.89239622
  0.19500000 21.47834779
  0.20000000  5.18770067
  0.20500000 27.92552533
  0.21000000 49.35153388
  0.21500000 37.56775319
  0.22000000 19.72668833
  0.22500000 46.41272338
  0.23000000  0.54370814
  0.23500000 12.28291681
  0.24000000  4.43656296
  0.24500000  2.99581474
  0.25000000 19.03856761
  0.25500000  6.67122362
  0.26000000  6.62288985
  0.26500000 47.85709030
  0.27000000 11.28995242
  0.27500000 12.93096383
  0.28000000 28.14957141
  0.28500000 11.81059052
  0.29000000 25.78261563
  0.29500000 10.64148631
  0.30000000  0.49871702
  0.30500000 47.87625974
  0.31000000  8.22331390
  0.31500000 26.32632377
  0.32000000 22.92440312
  0.32500000  4.93527998
  0.33000000  0.87207448
  0.33500000 27.26188151
  0.34000000 32.99754739
  0.34500000 29.54729297
  0.35000000  2.79237028
  0.35500000 12.16202690
  0.36000000 40.19284534
  0.36500000 11.14711880
  0.37000000 41.35788349
  0.37500000 28.57498590
  0.38000000 22.80351321
  0.38500000 40.69156237
  0.39000000  9.02337854
  0.39500000 49.58119738
  0.40000000  4.90130968
  0.40500000 45.72791632
  0.41000000 45.62684235
  0.41500000  9.89545302
  0.42000000 26.84307890
  0.42500000 37.89885707
  0.43000000 25.27520929
  0.43500000 48.41921263
  0.44000000 22.05747992
  0.44500000 17.03592424
  0.45000000 49.04597587
  0.45500000 16.63309278
  0.46000000 26.99419853
  0.46500000 44.86099313
  0.47000000  7.72748661
  0.47500000  8.06935442
  0.48000000 16.21429016
  0.48500000 31.89550821
  0.49000000 40.58890945
  0.49500000  3.35432896
  0.50000000 17.96480744
  0.50500000 43.05736906
  0.51000000 19.79436528
  0.51500000 15.86411875
  0.52000000  1.77354159
  0.52500000 40.02228736
  0.53000000 10.09329330
  0.53500000 18.84034115
  0.54000000 32.49721153
  0.54500000 28.76774012
  0.55000000 34.88328049
  0.55500000 17.82077991
  0.56000000 26.90969557
  0.56500000 48.71150169
  0.57000000 10.66324833
  0.57500000 25.47218995
  0.58000000 21.17510887
  0.58500000 44.87450301
  0.59000000 41.76887075
  0.59500000 30.45761361
  0.60000000 41.33630869
  0.60500000 22.94865046
  0.61000000 34.89679037
  0.61500000  1.86216405
  0.62000000 49.29795476
  0.62500000 23.83352022
  0.63000000  1.71639058
  0.63500000 19.78007087
  0.64000000 19.68294396
  0.64500000 26.20765033
  0.65000000 22.54502191
  0.65500000 12.37963891
  0.66000000 45.25226081
  0.66500000 40.85805283
  0.67000000 21.08215334
  0.67500000 14.31389266
  0.68000000 42.83725252
  0.68500000 36.58856951
  0.69000000 13.80670329
  0.69500000  5.97894372
  0.70000000 16.17605672
  0.70500000 42.13520729
  0.71000000 10.42208973
  0.71500000 15.52309387
  0.72000000 25.75901458
  0.72500000 35.85900068
  0.73000000 18.34285762
  0.73500000 32.96711164
  0.74000000 27.90273278
  0.74500000 21.01127539
  0.75000000 26.71705351
  0.75500000 39.42501097
  0.76000000 47.28100431
  0.76500000 20.73998531
  0.77000000  7.59984490
  0.77500000 40.52375679
  0.78000000 45.40395468
  0.78500000 13.45706102
  0.79000000 12.87519259
  0.79500000 18.02193463
  0.80000000  6.04685066
  0.80500000 21.16296926
  0.81000000 49.31606170
  0.81500000 31.21805022
  0.82000000  0.98904627
  0.82500000 33.94958344
  0.83000000 42.17424466
  0.83500000 26.03311520
  0.84000000 20.64306118
  0.84500000 48.27005058
  0.85000000  4.68956875
  0.85500000 49.77408956
  0.86000000 16.55687200
  0.86500000 16.04701587
  0.87000000 11.72711160
  0.87500000 17.56476134
  0.88000000 17.79602419
  0.88500000 22.60372266
  0.89000000 37.20998513
  0.89500000 11.04317330
  0.90000000 48.78281156
  0.90500000 18.78507046
  0.91000000  6.55330610
  0.91500000 29.38422979
  0.92000000 37.07628850
  0.92500000 19.42587274
  0.93000000 17.05512103
  0.93500000 11.24287485
  0.94000000 29.15831934
  0.94500000  3.63316049
  0.95000000 35.47288861
  0.95500000 28.78223263
  0.96000000 28.80763620
  0.96500000 46.95434353
  0.97000000 26.23688315
  0.97500000 22.68287374
  0.98000000 39.82540593
  0.98500000 27.59044776
  0.99000000 15.73941399
  0.99500000 32.79018925
  1.00000000  2.06710352
  1.00500000 26.90169442
  1.01000000 47.01632050
  1.01500000 32.79453502
  1.02000000 44.03306411
  1.02500000 31.22542287
  1.03000000 30.53485492
  1.03500000 32.48920911
  1.04000000 11.57676765
  1.04500000 22.84070031
  1.05000000 28.17976640
  1.05500000  6.77173807
  1.06000000  5.17208285
  1.06500000  1.40217357
  1.07000000  0.43114807
  1.07500000 43.91918038
  1.08000000 39.56192732
  1.08500000  7.23918638
  1.09000000 28.30386800
  1.09500000 47.44746857
  1.10000000 26.71371540
  1.10500000 33.59499143
  1.11000000 38.46460924
  1.11500000  8.83872291
  1.12000000 29.93667768
  1.12500000 38.29048305
  1.13000000  6.43569174
  1.13500000 16.64437564
  1.14000000 15.61046098
  1.14500000 35.10876054
  1.15000000 39.69265663
  1.15500000  6.86683980
  1.16000000 10.56355602
  1.16500000  5.17238831
  1.17000000 42.34794691
  1.17500000 17.99652462
  1.18000000  4.31430837
  1.18500000 37.27727143
  1.19000000 38.76737974
  1.19500000 30.81255615
  1.20000000 26.83524754
  1.20500000 34.25098606
  1.21000000 25.56775448
  1.21500000 45.20307148
  1.22000000 47.45693179
  1.22500000 42.44570852
  1.23000000 19.35974659
  1.23500000 15.26041111
  1.24000000  2.06991128
  1.24500000  8.02048782
  1.25000000 47.61809683
  1.25500000 11.70769350
  1.26000000 33.25693573
  1.26500000  6.38421966
  1.27000000 45.29775924
  1.27500000 36.38547657
